264 374
59 125 191 258
59 92 156 224
59 82 146 214
59 130 197 263
59 105 170 236
59 75 140 207
23 125 176 258
23 92 136 224
23 82 171 214
23 116 152 249
23 130 177 263
23 75 164 207
15 125 141 258
15 92 150 224
15 82 183 214
15 116 167 249
15 130 198 263
15 105 134 236
15 75 158 207
47 125 162 244
47 92 166 203
47 82 168 237
47 130 147 245
47 105 175 238
47 75 142 230
47 120 154 218
64 125 159 244
64 82 196 237
64 116 174 220
64 130 161 245
64 105 173 238
64 75 133 230
64 124 186 254
64 120 180 218
36 125 143 244
36 92 182 203
36 116 189 220
36 130 153 245
36 105 160 238
36 75 193 230
36 124 144 254
36 120 135 218
8 125 145 208
8 82 192 252
8 116 184 232
8 130 148 264
8 75 194 225
8 124 190 200
8 120 195 250
58 125 178 208
58 92 169 219
58 82 163 252
58 116 155 232
58 130 179 264
58 75 188 225
58 120 139 250
53 125 138 208
53 92 157 219
53 116 137 232
53 75 172 225
53 124 165 200
53 120 149 250
42 112 191 258
42 69 156 224
42 106 146 214
42 113 197 263
42 107 170 236
42 99 140 207
3 112 176 258
3 69 136 224
3 106 171 214
3 88 152 249
3 113 177 263
3 99 164 207
37 112 141 258
37 69 150 224
37 106 183 214
37 88 167 249
37 113 198 263
37 107 134 236
37 99 158 207
21 112 162 244
21 69 166 203
21 106 168 237
21 113 147 245
21 107 175 238
21 99 142 230
21 86 154 218
43 112 159 244
43 106 196 237
43 88 174 220
43 113 161 245
43 107 173 238
43 99 133 230
43 119 186 254
43 86 180 218
38 112 143 244
38 69 182 203
38 88 189 220
38 113 153 245
38 107 160 238
38 99 193 230
38 119 144 254
38 86 135 218
29 112 145 208
29 106 192 252
29 88 184 232
29 113 148 264
29 99 194 225
29 119 190 200
29 86 195 250
51 112 178 208
51 69 169 219
51 106 163 252
51 88 155 232
51 113 179 264
51 99 188 225
51 86 139 250
19 112 138 208
19 69 157 219
19 88 137 232
19 99 172 225
19 119 165 200
19 86 149 250
9 76 191 258
9 87 156 224
9 117 146 214
9 131 197 263
9 94 140 207
32 76 162 244
32 87 166 203
32 117 168 237
32 131 147 245
32 94 142 230
65 76 159 244
65 117 196 237
65 102 174 220
65 131 161 245
65 94 133 230
2 76 143 244
2 87 182 203
2 102 189 220
2 131 153 245
2 94 193 230
25 76 145 208
25 117 192 252
25 102 184 232
25 131 148 264
25 94 194 225
48 76 138 208
48 87 157 219
48 102 137 232
48 94 172 225
31 97 176 228
31 101 136 231
31 83 177 215
31 77 164 209
34 97 141 228
34 101 150 231
34 83 198 215
34 111 134 243
34 77 158 209
34 90 181 222
4 97 162 226
4 83 147 227
4 111 175 240
4 77 142 199
4 90 154 248
16 97 159 226
16 70 174 242
16 83 161 227
16 111 173 240
16 77 133 199
16 90 180 248
41 97 143 226
41 70 189 242
41 83 153 227
41 111 160 240
41 77 193 199
41 90 135 248
10 97 145 210
10 70 184 256
10 83 148 221
10 77 194 260
10 90 195 202
56 97 178 210
56 101 169 251
56 70 155 256
56 83 179 221
56 77 188 260
56 90 139 202
57 95 176 228
57 123 136 231
57 96 177 215
57 67 164 209
63 95 141 228
63 123 150 231
63 96 198 215
63 109 134 243
63 67 158 209
63 115 181 222
27 95 159 226
27 96 161 227
27 109 173 240
27 67 133 199
27 115 180 248
1 95 145 210
1 96 148 221
1 67 194 260
1 115 195 202
52 95 178 210
52 123 169 251
52 96 179 221
52 67 188 260
52 115 139 202
46 95 138 210
46 123 157 251
46 67 172 260
46 115 149 202
11 78 191 228
11 74 146 234
11 89 197 215
11 127 140 209
11 68 187 222
49 78 176 228
49 74 171 234
49 89 177 215
49 127 164 209
7 78 141 228
7 74 183 234
7 89 198 215
7 127 158 209
7 68 181 222
55 78 162 226
55 89 147 227
55 127 142 199
55 68 154 248
26 78 143 226
26 122 189 242
26 89 153 227
26 127 193 199
26 68 135 248
61 78 145 210
61 122 184 256
61 89 148 221
61 127 194 260
61 79 190 211
61 68 195 202
12 78 178 210
12 122 155 256
12 89 179 221
12 127 188 260
12 68 139 202
14 81 191 213
14 126 146 259
14 84 197 216
14 128 140 261
14 129 187 262
60 81 141 213
60 126 183 259
60 118 167 253
60 84 198 216
60 128 158 261
60 129 181 262
50 81 162 246
50 126 168 229
50 84 147 247
50 128 142 255
50 129 154 206
17 81 159 246
17 126 196 229
17 84 161 247
17 128 133 255
17 129 180 206
20 81 143 246
20 84 153 247
20 128 193 255
20 129 135 206
62 81 138 205
62 118 137 204
62 128 172 239
62 129 149 217
44 114 191 213
44 104 156 201
44 98 146 259
44 121 140 261
44 73 187 262
35 114 176 213
35 104 136 201
35 98 171 259
35 121 164 261
35 80 185 257
28 114 141 213
28 104 150 201
28 98 183 259
28 121 158 261
28 73 181 262
45 114 159 246
45 98 196 229
45 110 173 241
45 121 133 255
45 80 186 212
45 73 180 206
40 114 143 246
40 104 182 235
40 110 160 241
40 121 193 255
40 80 144 212
40 73 135 206
54 114 145 205
54 98 192 223
54 110 151 233
54 121 194 239
54 73 195 217
13 114 178 205
13 98 163 223
13 121 188 239
13 73 139 217
6 72 191 213
6 93 156 201
6 91 146 259
6 132 197 216
6 108 140 261
6 85 187 262
24 72 176 213
24 93 136 201
24 91 171 259
24 71 152 253
24 132 177 216
24 108 164 261
24 100 185 257
22 72 141 213
22 93 150 201
22 91 183 259
22 71 167 253
22 132 198 216
22 108 158 261
22 85 181 262
5 72 162 246
5 93 166 235
5 91 168 229
5 132 147 247
5 103 175 241
5 108 142 255
5 85 154 206
66 72 159 246
66 91 196 229
66 132 161 247
66 103 173 241
66 108 133 255
66 100 186 212
66 85 180 206
33 72 143 246
33 93 182 235
33 132 153 247
33 103 160 241
33 108 193 255
33 100 144 212
33 85 135 206
39 72 145 205
39 91 192 223
39 71 184 204
39 103 151 233
39 108 194 239
39 85 195 217
30 72 178 205
30 91 163 223
30 71 155 204
30 108 188 239
30 85 139 217
18 72 138 205
18 71 137 204
18 108 172 239
18 85 149 217
